129
276
227
862
571
999
954
462
787
410
382
436
165
102
363
474
266
990
2
93
485
379
101
487
31
251
226
992
456
582
463
312
767
408
153
632
847
513
875
435
727
457
441
598
481
726
122
26
385
616
700
895
61
191
795
11
577
40
496
933
125
394
857
365
290
30
793
78
950
567
882
620
670
810
968
512
889
949
428
185
188
756
65
27
167
499
305
842
965
928
466
56
296
484
869
189
271
321
0
783
328
194
5
641
137
850
637
486
162
721
458
843
839
526
255
894
159
967
64
745
888
196
302
195
320
911
91
443
34
542
525
922
181
713
672
378
417
293
981
638
413
174
524
653
124
856
644
248
608
489
710
239
673
380
272
689
651
403
288
755
698
729
912
741
225
469
92
806
997
560
85
168
349
821
807
989
470
473
785
38
696
95
952
506
533
593
908
907
257
880
351
941
586
980
706
719
132
81
984
747
936
478
760
353
359
660
84
209
886
39
948
89
493
663
583
916
121
849
852
460
246
786
643
82
115
733
28
699
18
572
488
409
136
517
383
896
329
552
819
377
621
619
865
940
679
23
915
234
242
323
447
318
198
426
599
955
665
350
610
36
163
556
561
866
751
354
338
964
230
584
791
576
274
414
284
656
429
432
537
48
245
298
600
399
258
671
313
371
931
50
25
237
606
904
788
677
369
846
716
935
737
724
774
216
778
823
67
175
311
960
536
636
283
116
13
645
315
640
253
510
270
801
568
627
930
642
392
969
265
615
59
684
387
792
816
743
531
702
9
520
834
204
604
340
887
120
590
746
676
47
419
406
808
497
186
804
105
344
427
837
390
224
838
547
412
634
145
397
292
906
393
530
411
193
213
947
683
494
467
66
797
3
925
569
326
161
720
180
986
541
127
855
798
596
903
827
602
971
492
500
330
715
96
972
360
872
794
140
83
459
558
452
400
893
402
761
220
442
423
686
24
966
659
376
516
307
74
4
668
445
434
973
802
613
210
205
342
836
805
260
757
592
748
381
929
535
401
780
860
6
597
832
693
108
944
206
199
884
197
674
104
717
753
934
902
799
553
511
164
372
750
709
612
707
979
777
348
211
830
461
712
109
998
41
961
508
334
779
207
173
554
574
614
995
446
444
69
324
899
339
829
874
373
233
666
828
711
824
812
367
15
335
891
179
575
254
991
773
87
601
240
431
609
415
822
208
993
943
405
662
708
277
945
433
130
692
374
557
914
416
337
570
275
366
71
37
106
440
172
14
455
515
231
639
982
331
8
304
357
236
217
951
1
149
734
157
20
538
388
688
529
281
112
784
68
932
631
232
646
418
594
840
355
589
142
352
438
775
306
439
996
579
57
46
957
343
155
661
301
249
490
144
268
624
758
86
170
480
740
398
835
625
730
252
959
17
565
809
909
607
742
35
425
913
250
119
501
859
332
814
347
818
449
212
735
790
714
310
169
203
722
62
736
901
738
182
994
890
853
873
826
669
623
79
976
483
763
314
629
588
297
118
420
658
983
963
927
603
287
143
910
975
605
395
657
633
21
687
131
322
691
430
235
854
247
215
107
883
752
88
749
280
527
803
375
472
881
99
900
498
10
622
243
70
848
218
141
448
279
214
201
974
825
479
241
544
772
133
521
861
291
150
319
325
147
566
939
309
820
166
878
368
543
833
985
528
695
705
55
987
617
595
851
782
190
970
228
264
396
918
370
389
202
100
667
919
303
539
299
358
977
765
675
781
892
731
815
341
630
647
704
282
177
924
110
664
468
863
221
22
16
771
33
113
184
523
256
946
126
42
519
841
518
482
60
580
573
98
690
407
555
421
146
654
701
650
336
111
187
316
652
678
94
267
725
263
12
76
581
618
54
681
32
477
289
864
222
278
648
63
176
244
19
450
356
938
148
694
364
238
867
386
128
7
75
845
958
361
295
764
545
77
300
294
327
978
628
546
465
51
391
549
831
685
885
776
73
464
937
45
744
505
72
259
451
817
192
424
135
53
649
534
138
160
43
548
171
923
585
453
200
114
151
898
152
49
868
491
123
754
591
80
308
559
514
921
52
858
471
769
762
697
718
551
58
626
811
223
703
563
178
229
507
766
422
504
876
475
384
404
682
813
90
285
877
183
917
540
44
611
437
550
273
269
905
870
261
635
578
770
495
789
134
564
920
926
953
454
680
871
476
509
796
759
139
897
844
655
728
103
587
503
362
29
156
346
117
988
262
962
732
562
768
522
502
800
532
286
723
158
333
879
956
942
317
154
345
739
97
